25 30 35 38 40 42 44 46 48 50 52 54 56 58 60 62 64 66 68 70 72 74 76 78 80 82 84 86 88 90 91 92 93 94 95 96 97 98
00 00 39 42 45 47 49 51 53 55 57 59 61 63 65 67 69 71 73 75 77 79 81 83 85 86 87 88 89 90 91 92 93 94 95 96 97 98
00 00 00 59 62 64 66 68 70 71 72 73 74 75 76 77 78 79 80 81 82 83 84 85 86 87 88 89 90 91 92 93 94 95 96 97 98 99
00 00 00 00 00 00 00 00 00 00 74 75 76 77 78 79 80 81 82 83 84 85 86 87 88 89 90 91 92 93 94 95 96 97 97 98 98 99
00 00 00 00 00 00 00 00 00 00 84 85 86 87 88 88 89 89 90 90 91 91 92 92 93 93 94 94 95 95 96 96 97 97 98 98 99 99
00 00 00 00 00 00 00 00 00 00 00 00 00 00 00 89 89 90 90 91 91 92 92 93 93 94 94 95 95 96 96 97 97 98 98 99 99 100
00 00 00 00 00 00 00 00 00 00 00 00 00 00 00 00 00 00 00 00 00 00 00 00 94 94 95 95 96 96 97 97 98 98 99 99 100 100
00 00 00 00 00 00 00 00 00 00 00 00 00 00 00 00 00 00 00 00 00 00 00 00 00 00 00 97 97 97 98 98 98 99 99 99 100 100
00 00 00 00 00 00 00 00 00 00 00 00 00 00 00 00 00 00 00 00 00 00 00 00 00 00 00 00 00 00 00 99 99 99 99 100 100 100
00 00 00 00 00 00 00 00 00 00 00 00 00 00 00 00 00 00 00 00 00 00 00 00 00 00 00 00 00 00 00 00 00 00 00 00 00 101
0 1.0 1.3 1.6 1.8 2.0 2.2 2.4 2.6 2.7 2.8 2.9 3.0 3.0 3.0 3.3 3.3 3.3 3.6 3.6 3.6 3.8 3.8 3.8 4.0 4.0 4.0
4.3 4.3 4.3 4.6 4.6 4.6 4.6 4.8 4.8 4.8 4.8 5.0 5.0 5.0 5.0
5.5 5.5 5.5 5.5 5.5 5.5 5.5 5.5 5.5 5.5 5.5 5.5 5.5 5.5 5.5 5.5 5.5 5.5
6.0 6.0 6.0 6.0 6.3 6.3 6.3 6.3 6.6 6.6 6.6 6.6 6.8 6.8 6.8
7.0 7.0 7.0 7.4 7.4 7.4 7.7 7.7 7.7 8.0 8.0 8.0 8.2 8.2 8.2 8.4 8.6 8.7 8.8 8.9 9.0 9.2 9.4 9.6 9.8 10 10.5
11 11 11 11 11 11 11 11 11 11 11 11 11 11 11 11 11 11 11
0 -25 -23 -21 -19 -17 -15 -14 -13 -12 -11 -10 -9 -9 -9 -8 -8 -8 -7 -7 -7 -6 -6 -6 -5 -5 -5
-4 -4 -4 -3 -3 -3 -3 -2 -2 -2 -2 -1 -1 -1 -1
0 0 0 0 0 0 0 0 0 0 0 0 0 0 0 0 0 0
1 1 1 1 2 2 2 2 3 3 3 3 4 4 4
5 5 5 6 6 6 7 7 7 8 8 8 9 9 9 10 11 12 13 14 15 17 19 21 23 25 30
35 40 45 49 53 57 61 65 68 71 74 77 80 82 84 86 88 90 91
0 0 0 0 0 0 0 0 0 0 0 0 0 0 0 0 0 0 0 0 0 0 0 0 0 0 0 0 0 0 0 0 0 0 0 0 0 0 0 0 0 0 0 0 0 0 0 0 0 0 0 0 0 0 0 0 0 0 0 0
0.2 0.2 0.2 0.2 0.4 0.4 0.4 0.4 0.6 0.6 0.6 0.6 0.8 0.8 0.8 1.0 1.0 1.0 1.1 1.1 1.1 1.2 1.2 1.2 1.3 1.3 1.3 1.4 1.4 1.4
1.5 1.6 1.7 1.8 1.9 2.0 2.2 2.4 2.6 2.8 3.0 3.5
4 4.5 5 5.4 5.7 6 6.25 6.5 6.75 7 7.25 7.5 7.75 8 8.2 8.4 8.6 8.8 9
0,0,0,0,0,0,0,0,0,1,1,1,1,1,1,1,1,1,1,1
0,0,0,0,0,1,1,1,1,1,1,1,2,2,2,2,2,2,2,2
0,0,0,0,1,1,1,1,1,2,2,2,2,2,3,3,3,3,3,3
0,0,0,1,1,1,1,2,2,2,2,3,3,3,3,4,4,4,4,4
0,0,0,1,1,1,1,2,2,2,2,3,3,3,3,4,4,4,4,4
0,0,1,1,2,2,2,3,3,3,4,4,4,5,5,5,6,6,6,6
0,0,1,1,2,2,2,3,3,3,4,4,4,5,5,5,6,6,6,6
0,1,1,2,2,2,3,3,3,4,4,4,5,5,6,6,7,7,8,8
0,1,1,2,2,2,3,3,3,4,4,4,5,5,6,6,7,7,8,8
1,1,2,2,3,3,4,4,5,5,6,6,7,7,8,8,9,9,10,10
1,1,2,2,3,3,4,4,5,5,6,6,7,7,8,8,9,9,10,10
1,2,3,4,5,5,6,6,7,7,8,8,9,9,10,10,11,11,12,12
1,2,3,4,5,5,6,6,7,7,8,8,9,9,10,10,11,11,12,12
1,2,3,4,5,5,6,6,7,7,8,8,9,9,10,10,11,11,12,12
1,2,3,4,5,6,7,8,9,10,11,11,12,12,13,13,14,14,15,15
[sorts]
#3
0,2,1,0,2,1,2,1,0,2,1,0,2,1,2,1,0,2,1,0,2,1,2,3,2,3,0,2,4,1,10,1,20,2,4,0,1,15,1,30,0,1,10,0,0,0,0,1,30,0,0,0,0
#4
0,2,1,0,2,1,2,1,0,2,1,0,2,3,1,10,2,1,0,2,1,2,4,1,20,2,4,0,2,5,1,20,0,2,5,0,1,20,1,30,0,1,10,0,0,0,0,1,30,0,0,0,0
#2
0,2,4,0,2,4,2,4,2,4,0,2,4,1,10,1,20,2,8,0,2,8,1,30,0,1,20,0,0,0,0,1,20,0,0,0,0,0,0,0,0,0,0,0,0,0,0
#1
0,0,0,0,0,1,1,0,1,2,0,0,1,2,0,1,2,0,0,0,0,0,0,0,0,0,0,0,0,0,0,0,0,0,0,0,0,0,0
[armures]
0,0,0,0,0,0,0,0,0,0,0,0,0,0,0,0
0,0,0,0,0,20,5,0,10,40,15,10,15,50,15,15
5,50,0,0,10,70,10,5,15,90,20,15,15,110,30,15
10,70,0,5,15,90,10,10,25,120,20,20,25,130,20,20
15,90,0,10,20,110,10,20,35,150,30,30,45,165,40,40
0,0,20,10,20,20,25,25,30,40,15,0