0,0,2,4,2,4,2
4,0,4,0,0,0,4
2,2,0,0,0,4,2
1.333333,0,0,0,2,0,8
2,0,4,2,0,0,4
4,2,2,4,0,0,0
2,0,0,4,0,0,0
0,0,0,0,0,0,0,4,0,0,0,0,0,0,0
0,0,2,0,0,0,0,4,0,0,0,4,2,0,0
0,0,0,0,2,0,0,0,8,0,0,0,8,0,0
0,0,8,0,0,0,0,0,0,0,4,0,0,0,0
0,0,0,0,0,0,0,0,0,4,0,0,0,4,2
0,0,8,0,0,0,0,0,0,0,0,8,0,4,0
0,0,0,0,0,0,0,0,4,0,0,0,0,0,0
4,2,2,0,0,0,0,0,0,0,0,4,4,4,0
0,0,2,4,0,0,8,4,0,0,0,8,0,0,0
0,0,8,0,4,0,0,0,0,0,0,4,0,0,0
0,0,0,0,0,0,0,0,0,0,0,0,0,0,8
0,0,8,0,4,0,0,0,0,0,0,0,4,0,0
0,2,4,0,0,8,0,0,0,0,0,4,0,0,0
0,0,8,0,0,0,0,4,0,0,8,0,2,0,0
0,8,8,0,0,8,0,0,0,0,8,0,0,0,0
0,0,0,0,0,0,0,0,0,0,0,0,0,0,0,0,0,0
0,0,4,0,0,0,0,0,0,0,8,0,0,0,0,0,0,0
0,4,0,0,0,0,0,0,0,0,0,0,0,0,0,8,0,0
0,0,0,0,0,4,0,0,0,0,0,0,0,0,0,0,0,0
0,0,0,0,4,0,0,0,0,0,0,0,0,0,0,0,0,0
0,0,0,0,0,0,0,8,0,0,0,0,0,0,0,0,0,0
0,0,0,0,0,0,8,0,0,0,0,0,0,0,0,0,0,0
0,0,0,0,0,0,0,0,0,0,0,0,0,0,0,0,0,0
0,0,0,0,0,0,0,0,0,0,0,0,0,0,0,0,0,0
0,0,0,0,0,0,0,0,0,0,0,0,0,0,0,0,0,0
0,0,0,0,0,0,0,0,0,0,0,0,0,0,0,0,0,0
0,0,0,0,0,0,0,0,0,0,0,0,8,4,0,0,0,0
0,0,0,0,0,0,0,0,0,0,0,4,0,8,2,0,0,0
0,0,0,0,0,0,0,0,0,0,0,4,8,0,8,0,0,0
0,0,0,0,0,0,0,0,0,0,0,8,2,0,0,0,0,0
0,0,0,0,0,0,0,0,0,0,0,0,0,0,0,0,0,0
0,0,0,0,0,0,0,0,0,0,0,0,0,0,0,0,0,0
0,0,0,0,0,0,0,0,0,0,0,0,0,0,0,0,0,0
0,0,0,0,0,0,8,0,0,0,0,0,0,8,0,0,0,0,4
0,0,4,8,0,0,0,0,0,0,0,0,0,0,0,0,8,0,0
0,0,0,0,0,0,0,0,0,0,0,8,0,0,8,0,8,0,0
0,8,0,0,0,0,0,0,0,4,0,0,0,0,0,0,0,2,0
4,0,0,0,0,8,2,2,2,4,8,0,0,0,0,0,0,0,2
8,0,0,8,4,0,4,8,4,4,0,4,4,2,2,0,4,0,0
4,0,0,0,2,4,0,4,4,4,0,0,0,0,0,0,0,0,0
0,0,0,0,8,8,8,0,2,4,0,0,0,0,0,0,0,0,8
0,0,0,0,2,4,0,4,0,4,0,0,0,0,0,0,0,0,0
2,0,8,4,4,4,2,2,4,0,4,0,0,0,0,0,0,4,4
0,0,0,0,0,0,0,0,0,0,0,0,0,0,0,0,0,0,0
0,0,0,0,0,0,0,0,0,0,0,0,8,0,8,8,8,0,0
0,0,0,0,0,0,0,0,0,0,0,8,0,0,8,8,4,0,0
4,0,0,0,0,0,0,0,0,0,0,0,0,0,0,0,0,0,8
0,0,0,0,0,0,0,0,0,0,0,8,8,0,0,8,8,0,0
0,0,0,0,0,0,0,0,0,0,0,8,8,0,8,0,8,0,0
0,0,0,0,0,0,0,0,0,0,0,8,4,0,8,8,0,0,0
0,0,0,0,,0,0,0,0,0,8,0,0,00,0,0,0,0,0
2,0,8,0,,4,0,0,2,2,0,0,0,00,0,4,0,0,0
0,0,4
0,0,0
4,0,0
0,8,4,4,4
0,0,4,4,0
0,4,0,4,0
4,4,4,0,0
4,0,0,0,0
0,0,0,0,0,0,8,0,0,0,0,0,0,0,0,0
0,0,0,8,0,0,0,0,0,0,0,0,0,0,0,8
0,0,0,8,0,0,0,0,0,0,0,0,0,0,4,0
0,0,8,0,0,2,0,0,0,0,0,0,0,0,4,0
0,0,0,0,0,0,0,0,0,0,0,0,0,0,0,0
0,0,8,0,0,2,0,0,0,0,0,0,0,0,4,0
0,0,0,0,0,0,0,0,0,0,0,0,0,0,0,0
8,0,0,0,0,0,0,0,0,0,0,0,0,0,0,0
0,0,0,0,0,0,0,0,0,0,0,0,0,0,0,0
0,0,0,0,0,0,0,0,0,0,0,0,0,0,0,0
0,0,0,0,0,0,0,0,0,0,0,0,0,0,0,0
0,0,0,0,0,0,0,0,0,0,0,0,0,0,0,4
0,0,0,0,0,0,0,0,0,0,0,0,0,0,0,0
0,0,0,0,0,0,0,0,0,0,0,0,0,0,0,0
0,0,2,8,0,0,0,0,0,0,0,0,0,0,0,0
0,4,0,8,0,0,0,0,0,0,0,2,0,0,0,0
0,4,4,0,0,0,0,4
0,0,0,0,0,0,0,0
4,0,0,0,0,0,0,0
0,0,8,0,4,0,8,0
0,0,0,4,0,0,0,0
0,0,0,0,0,0,0,0
0,0,8,8,0,0,0,0
4,0,4,0,0,0,0,0
0,0,0,4,4,0,0,0,8,4,0,0
0,0,0,4,0,0,0,0,0,0,0,0
0,0,0,0,0,0,0,0,0,0,0,0
8,0,0,0,2,0,0,0,0,2,0,0
0,0,0,2,0,0,0,0,0,8,2,0
0,0,8,0,0,0,0,0,0,0,0,0
0,0,0,4,4,0,0,8,0,8,0,0
0,0,0,0,0,0,0,0,0,0,0,8
0,0,0,0,0,0,0,0,0,0,0,0
4,8,0,2,4,0,0,0,0,0,0,0
0,0,0,0,0,0,0,0,0,0,0,0
0,0,0,0,0,4,0,0,0,0,0,0
0,0,0,0,0,0,0,0,0,0,0,0,0,0,0,0,0
0,0,0,0,0,0,0,4,0,0,0,4,0,0,0,0,0
0,4,0,0,0,0,0,2,8,0,0,0,0,0,0,0,0
0,0,0,0,0,0,0,0,0,4,0,0,0,0,0,0,0
0,4,0,0,0,0,0,0,0,0,0,0,0,0,4,0,0
0,0,0,0,0,0,0,0,0,0,4,0,0,0,0,0,0
0,0,0,2,0,0,0,0,8,4,0,0,0,0,0,0,0
0,0,0,0,0,0,0,0,0,4,0,0,0,0,0,0,0
0,0,8,0,0,0,0,4,0,4,0,0,0,0,0,4,2
0,0,0,4,0,0,4,0,4,0,8,0,0,0,0,8,4
0,0,0,0,0,0,0,0,4,4,0,4,0,0,2,0,0
0,4,0,0,0,0,0,8,0,0,0,0,8,8,2,0,0
0,0,0,0,0,0,0,0,0,0,8,8,0,4,4,0,0
0,0,0,0,8,0,0,0,0,0,0,8,4,0,4,0,0
0,0,0,0,4,0,0,0,0,0,4,2,4,4,0,0,0
0,0,0,0,0,0,0,0,4,4,0,0,0,0,0,0,4
0,0,0,0,0,0,0,8,2,2,4,0,0,0,0,0,0
0,0,0,0,0,0,0,0,0,0,0,0
0,0,4,0,0,0,0,0,0,0,0,4
0,4,0,0,0,0,8,0,4,0,0,0
0,0,0,0,0,0,8,2,0,0,0,0
0,0,0,8,0,0,8,0,0,0,0,0
0,0,0,0,0,0,8,0,0,0,0,0
0,0,8,0,8,8,0,8,8,0,0,4
0,0,0,4,0,0,8,0,0,0,0,0
0,0,4,0,0,0,8,0,0,0,0,0
8,0,0,0,0,0,0,0,0,0,0,0
0,0,0,0,0,0,0,0,0,0,0,0
0,0,0,8,0,0,4,4,0,0,0,0
0,0,0,0,4,4
4,0,0,0,0,4
0,0,0,0,4,8
0,0,0,0,0,0
0,0,4,0,0,4
0,2,4,0,4,0
0,4,0,0,0,0,0,0,0,0,0,0,0,0,0
4,0,0,0,0,0,0,0,0,4,0,0,0,0,0
0,0,0,0,0,0,0,0,0,0,0,4,0,0,0
8,0,0,0,0,0,0,4,0,0,0,0,0,2,0
0,0,0,0,0,0,0,0,0,0,0,0,0,0,0
0,0,0,0,0,0,0,0,0,0,0,0,0,0,0
0,0,8,0,0,0,0,0,0,0,0,8,0,0,0
0,0,0,8,0,0,0,0,0,0,0,0,0,2,0
0,0,0,0,0,0,0,0,0,0,0,0,0,0,0
8,4,0,0,0,0,0,0,0,0,0,0,0,0,0
0,0,4,0,0,0,0,0,0,0,0,8,0,0,0
0,0,4,0,0,0,8,0,0,0,8,0,0,0,0
0,0,0,0,0,0,0,0,0,0,0,0,0,0,4
0,0,0,4,0,0,0,2,0,0,0,0,0,0,0
0,0,0,0,0,0,0,0,0,0,0,2,0,0,0
0,0,2,0,4,0
0,0,0,0,0,0
1.33,0,0,2,0,2
0,0,8,0,0,4
0,0,0,0,0,0
0,0,8,0,0,0
